4294967294,0
4294967278,233
4294967278,230
4294967278,228
4294967278,227
4294967278,224
4294967278,223
4294967278,220
4294967278,219
4294967278,216
4294967278,215
4294967278,213
4294967294,5
4294967294,83
4294967294,104
4294967294,106
4294967294,160
4294967294,116
4294967294,168
4294967294,162
4294967294,15
4294967294,99
4294967294,36
4294967294,426
4294967294,22
4294967294,17
4294967294,39
4294967294,76
4294967294,41
4294967294,438
4294967294,417
4294967294,470
4294967294,1186
4294967294,126
4294967294,18
4294967294,12
4294967294,67
4294967294,166
4294967294,24
4294967294,175
4294967294,25
4294967294,184
4294967294,183
4294967294,26
4294967294,176
4294967278,132
4294967278,131
4294967278,130
4294967278,129
4294967278,128
4294967278,127
4294967278,126
4294967278,125
4294967278,124
4294967278,123
4294967278,122
4294967278,121
4294967278,120
4294967278,119
4294967278,118
4294967278,117
4294967278,116
4294967278,115
4294967278,114
4294967278,113
4294967278,112
4294967278,111
4294967278,110
4294967278,109
4294967278,108
4294967278,107
4294967278,106
4294967278,105
4294967278,104
4294967278,103
4294967278,102
4294967278,101
4294967278,100
4294967278,99
4294967278,98
4294967278,97
4294967278,93
4294967278,92
4294967278,91
4294967278,90
4294967278,89
4294967278,87
4294967278,86
4294967278,85
4294967278,84
4294967278,83
4294967278,82
4294967278,81
4294967278,80
4294967278,79
4294967278,78
4294967278,77
4294967278,76
4294967278,75
4294967278,74
4294967278,73
4294967278,72
4294967278,71
4294967278,70
4294967278,69
4294967278,68
4294967278,67
4294967278,66
4294967278,65
4294967278,64
4294967278,63
4294967278,62
4294967278,61
4294967278,60
4294967278,59
4294967278,58
4294967278,57
4294967278,56
4294967278,55
4294967278,54
4294967278,53
4294967278,52
4294967278,51
4294967278,50
4294967278,49
4294967278,48
4294967278,47
4294967278,46
4294967278,45
4294967278,44
4294967278,43
4294967278,42
4294967278,41
4294967278,40
4294967278,39
4294967278,38
4294967278,37
4294967279,23
4294967279,22
4294967279,20
4294967279,16
4294967279,14
4294967279,13
4294967279,12
4294967279,10
4294967279,9
4294967279,8
4294967279,7
4294967279,6
4294967279,5
4294967279,4
4294967279,429
4294967278,361
4294967278,96
4294967278,360
4294967278,95
0,5
4294967294,7
4294967278,359
4294967278,0
4294967278,94
4294967294,6
4294967294,82
4294967294,81
4294967294,1099
4294967294,68
4294967294,11
4294967278,358
4294967279,428
4294967278,357
4294967279,427
4294967278,356
4294967278,355
4294967278,354
4294967294,1152
4294967279,426
4294967278,353
4294967278,352
4294967278,351
37,5
37,4
37,3
37,2
37,1
4294967278,350
4294967279,425
36,5
36,4
36,3
36,2
36,1
35,4
35,3
35,2
35,1
4294967278,349
4294967278,348
4294967279,424
4294967278,347
4294967279,423
4294967294,1363
4294967279,422
4294967279,421
4294967278,346
4294967279,420
4294967278,345
4294967279,419
4294967279,418
4294967279,417
4294967279,416
4294967278,344
4294967279,415
4294967279,414
4294967278,343
29,6
29,5
29,4
29,3
29,2
29,1
4294967279,413
4294967279,412
4294967279,411
4294967279,410
4294967278,342
4294967279,409
4294967278,341
4294967279,408
4294967279,407
4294967278,340
4294967279,406
4294967278,339
4294967279,405
4294967278,338
4294967279,404
4294967278,337
4294967278,336
4294967279,403
4294967279,402
4294967294,473
4294967279,401
4294967279,400
4294967279,399
4294967279,398
4294967278,335
4294967279,397
4294967278,334
4294967278,333
4294967279,396
4294967278,332
4294967279,395
21,6
21,5
21,4
21,3
21,2
21,1
4294967278,331
4294967279,394
4294967278,330
4294967279,393
4294967278,329
4294967279,392
4294967278,328
4294967279,391
4294967279,390
4294967278,327
18,6
18,5
18,4
18,3
18,2
18,1
4294967279,389
4294967294,1179
4294967278,326
4294967279,388
4294967278,325
4294967279,387
4294967278,324
4294967279,386
4294967278,323
4294967278,322
4294967279,385
4294967278,321
4294967279,384
4294967278,320
4294967279,319
4294967278,319
4294967279,318
4294967278,318
4294967279,317
4294967278,317
4294967279,316
16,6
16,5
16,4
16,3
16,2
16,1
4294967278,316
4294967278,315
12,5
12,4
12,3
12,2
12,1
4294967279,315
4294967294,1180
4294967294,1102
4294967278,314
4294967279,314
4294967278,313
4294967279,313
4294967278,312
4294967279,312
4294967278,311
4294967279,311
11,5
11,4
11,3
11,2
11,1
4294967279,310
4294967279,309
4294967278,310
4294967279,308
4294967278,309
4294967279,307
4294967278,308
4294967279,306
10,6
10,5
10,4
10,3
10,2
10,1
4294967278,307
4294967278,306
4294967279,305
4294967278,305
